2.046745445262e-34
1.1152811155486e-32
3.062065101244e-31
5.647900179888e-30
7.873156357327e-29
8.847548674354e-28
8.348957589742e-27
6.8046444379e-26
4.889805313368e-25
3.14719961521e-24
1.836931017267e-23
9.821012407963e-23
4.849677516568e-22
2.227323571672e-21
9.570601770242e-21
3.867197230712e-20
1.475989416673e-19
5.341878356412e-19
1.839620016577e-18
6.046754313253e-18
1.90228453912e-17
5.742075229719e-17
1.666796670944e-16
4.662395751065e-16
1.259111938033e-15
3.288494101151e-15
8.31949410777e-15
2.041742629428e-14
4.867429005184e-14
1.1286032079129e-13
2.548219538442e-13
5.608714006473e-13
1.204666863423e-12
2.527355508368e-12
5.183875431442e-12
1.0404031005174e-11
2.044826231539e-11
3.938657856234e-11
7.440269856798e-11
1.379344400473e-10
2.511193147858e-10
4.492380758883e-10
7.901592265991e-10
1.36720834646e-9
2.328444548192e-9
3.905051217231e-9
6.452468022405e-9
1.0509031788884e-8
1.687827458675e-8
2.674265703448e-8
4.181838650451e-8
6.456305603338e-8
9.8450086788e-8
1.483262810782e-7
2.208710767026e-7
3.251781845159e-7
4.734820034098e-7
6.820523247952e-7
9.722811246866e-7
1.371984447501e-6
1.916940267468e-6
2.652679548247e-6
3.636542326899e-6
4.94000340372e-6
6.651263084433e-6
8.878087453772e-6
0.0000117508700295
0.00001542587264342
0.00002008858843269
0.00002595715442807
0.00003328572602471
0.00004236771132295
0.00005353875069043
0.00006717931669252
0.00008371680251405
0.0001036269638279
0.0001274345803276
0.0001557132092523
0.0001890839144383
0.0002282128707715
0.0002738077652046
0.0003266129413435
0.0003874032643744
0.000456976715974
0.0005361457638388
0.0006257275864623
0.0007265332695724
0.0008393561249874
0.000964959314322
0.00110406298783
0.001257331171682
0.001425358654231
0.001608658132711
0.001807647885817
0.002022640234538
0.002253831043552
0.002501290498564
0.002764955371888
0.00304462295977
0.003339946841594
0.00365043457392
0.003975447392564
0.004314201954735
0.0046657741117
0.005029104661768
0.005403006994558
0.005786176501554
0.006177201595631
0.00657457615435
0.006976713178742
0.007381959441577
0.007788610886789
0.008194928534927
0.00859915464808
0.00899952891144
0.00939430439708
0.00978176308837
0.01016023075979
0.01052809102676
0.01088379840183
0.01122589021796
0.01155299730442
0.0118638533267
0.01215730272762
0.01243230723153
0.01268795089839
0.01292344373628
0.0131381239026
0.01333145854252
0.01350304333017
0.01365260079218
0.01377997750491
0.01388514026628
0.01396817134974
0.01402926295299
0.01406871095599
0.0140869081038
0.01408433672805
0.01406156111796
0.01401921964741
0.0139580167591
0.01387871489987
0.01378212649442
0.01366910603641
0.01354054236768
0.01339735120805
0.0132404679894
0.01307084103953
0.01288942515298
0.01269717557802
0.01249504244204
0.01228396562988
0.01206487012384
0.01183866180792
0.0116062237335
0.0113684128393
0.01112605711393
0.01087995318621
0.01063086432531
0.01037951883036
0.01012660878731
0.00987278916955
0.0096186772574
0.00936485235153
0.00911185575472
0.00886019099662
0.00861032427653
0.00836268509982
0.00811766708421
0.0078756289135
0.00763689541698
0.00740175875419
0.00717047968598
0.00694328891398
0.00672038847211
0.00650195315498
0.006288131969466
0.006079049596933
0.005874807855133
0.00567548714969
0.00548114790657
0.005291831977888
0.005107564014552
0.004928352800197
0.004754192541804
0.004585064113256
0.004420936248862
0.004261766684595
0.00410750324545
0.003958084877891
0.003813442626899
0.003673500557576
0.003538176621666
0.003407383469719
0.00328102920991
0.003159018114785
0.00304125127743
0.002927627218707
0.002818042447395
0.002712391975099
0.002610569787968
0.002512469277229
0.002417983630631
0.002327006186893
0.002239430755223
0.002155151901988
0.002074065206547
0.001996067488259
0.001921057006562
0.001848933636037
0.001779599018223
0.001712956691953
0.001648912203846
0.00158737320055
0.001528249504253
0.001471453172866
0.001416898546252
0.001364502279756
0.001314183366247
0.001265863147775
0.001219465317913
0.00117491591574
0.001132143312392
0.001091078191017
0.001051653520917
0.001013804526603
0.000977468652424
0.000942585523386
0.000909096902717
0.000876946646701
0.000846080657236
0.000816446832552
0.000787995016475
0.000760676946574
0.00073444620153
0.000709258147984
0.000685069887132
0.000661840201293
0.000639529500648
0.000618099770321
0.000597514517972
0.000577738722024
0.00055873878065
0.000540482461623
0.000522938853103
0.0005060783154545
0.0004898724341342
0.0004742939737117
0.0004593168330572
0.0004449160017262
0.0004310675175645
0.0004177484255472
0.0004049367378588
0.000392611395219
0.0003807522294491
0.0003693399272722
0.000358355995337
0.0003477827264486
0.0003376031669909
0.0003278010855175
0.0003183609424923
0.0003092678611523
0.0003005075994693
0.0002920665231829
0.0002839315798765
0.0002760902740692
0.0002685306432936
0.0002612412351298
0.0002542110851679
0.0002474296958678
0.000240887016287
0.0002345734226491
0.0002284796997209
0.0002225970229729
0.0002169169414923
0.0002114313616235
0.0002061325313059
0.0002010130250866
0.0001960657297784
0.00019128383074
0.000186660798754
0.0001821903774782
0.0001778665714472
0.0001736836346024
0.0001696360593288
0.0001657185659767
0.0001619260928501
0.0001582537866395
0.0001546969932834
0.0001512512492373
0.0001479122731354
0.0001446759578267
0.0001415383627695
0.0001384957067693
0.0001355443610447
0.0001326808426075
0.0001299018079425
0.0001272040469744
0.0001245844773097
0.00012204013874
0.0001195681879965
0.000117165893744
0.0001148306318037
0.000112559880595
0.0001103512167866
0.0001082023111468
0.0001061109245852
0.0001040749043764
0.0001020921805584
0.000100160762497
0.0000982787356098
0.0000964442582412
0.000094655558684
0.0000929109323381
0.0000912087390029
0.0000895474002957
0.0000879253971909
0.0000863412676753
0.0000847936045129
0.0000832810531156
0.0000818023095145
0.0000803561184271
0.0000789412714166
0.0000775566051383
0.0000762009996704
0.0000748733769243
0.0000735726991306
0.0000722979673991
0.000071048220347
0.0000698225327938
0.0000686200145192
0.0000674398090812
0.0000662810926915
0.0000651430731447
0.0000640249888009
0.0000629261076157
0.0000618457262187
0.0000607831690353
0.0000597377874516
0.0000587089590185
0.0000576960866941
0.0000566985981217
0.0000557159449411
0.0000547476021326
0.0000537930673902
0.0000528518605223
0.0000519235228801
0.0000510076168088
0.0000501037251232
0.0000492114506029
0.0000483304155079
0.0000474602611125
0.0000466006472543
0.0000457512518997
0.0000449117707216
0.0000440819166902
0.0000432614196739
0.0000424500260499
0.000041647498323
0.0000408536147506
0.0000400681689746
0.000039290969657
0.0000385218401185
0.0000377606179809
0.000037007154809
0.0000362613157543
0.0000355229791972
0.00003479203638816
0.00003406839108619
0.00003335195919461
0.00003264266839265
0.00003194045776286
0.00003124527741322
0.00003055708809377
0.00002987586080715
0.0000292015764126
0.00002853422522315
0.00002787380659581
0.00002722032851436
0.00002657380716481
0.00002593426650343
0.0000253017378174
0.00002467625927803
0.00002405787548709
0.00002344663701613
0.00002284259993941
0.00002224582536072
0.00002165637893469
0.00002107433038309
0.00002049975300685
0.00001993272319445
0.00001937331992755
0.00001882162428475
0.00001827771894431
0.00001774168768697
0.0000172136148998
0.00001669358508235
0.00001618168235609
0.00001567798997852
0.00001518258986301
0.00001469556210594
0.00001421698452206
0.0000137469321898
0.0000132854770076
0.00001283268726267
0.00001238862721363
0.00001195335668824
0.00001152693069757
0.00001110939906796
0.00001070080609194
0.00001030119019938
9.91058365005e-6
9.52901224857e-6
9.15649508298e-6
8.79304428769e-6
8.43866483184e-6
8.09335433378e-6
7.75710290236e-6
7.42989300564e-6
7.11169936755e-6
6.8024888927e-6
6.50222061983e-6
6.21084570377e-6
5.92830742616e-6
5.65454123455e-6
5.3894748099e-6
5.13302816183e-6
4.88511375131e-6
4.64563664005e-6
4.41449466583e-6
4.19157864298e-6
3.97677258679e-6
3.76995396102e-6
3.57099394701e-6
3.37975773327e-6
3.19610482392e-6
3.01988936476e-6
2.850960485015e-6
2.689162653408e-6
2.534336046699e-6
2.386316928928e-6
2.24493803959e-6
2.110028988902e-6
1.98141665831e-6
1.858925604381e-6
1.742378464246e-6
1.631596360753e-6
1.526399305544e-6
1.426606598287e-6
1.332037220356e-6
1.242510221322e-6
1.15784509666e-6
1.077862155186e-6
1.002382874804e-6
9.31230245253e-7
8.64229096636e-7
8.01206412623e-7
7.41991627329e-7
6.86416904995e-7
6.34317401719e-7
5.85531508577e-7
5.39901075651e-7
4.97271616547e-7
4.57492493159e-7
4.20417080508e-7
3.8590291165e-7
3.53811802725e-7
3.2400995835e-7
2.96368057656e-7
2.70761321376e-7
2.470695604714e-7
2.251772068912e-7
2.049733271169e-7
1.863516192303e-7
1.692103943018e-7
1.534525429519e-7
1.389854879845e-7
1.257211240326e-7
1.135757451828e-7
1.024699615702e-7
9.23286059483e-8
8.30806312431e-8
7.46590001016e-8
6.70005674332e-8
6.00459569295e-8
5.37394325252e-8
4.8028765735e-8
4.28650997695e-8
3.82028112961e-8
3.39993706676e-8
3.02152013983e-8
2.68135396197e-8
2.376029419561e-8
2.102390812791e-8
1.85752218282e-8
1.638733877956e-8
1.44354940573e-8
1.269692612498e-8
1.115075226931e-8
9.77784798623e-9
8.5607305809e-9
7.48344719604e-9
6.53146743802e-9
5.69158072629e-9
4.95179845152e-9
4.30126098962e-9
3.73014958415e-9
3.22960307727e-9
2.79163944068e-9
2.409082031615e-9
2.075490476259e-9
1.785096062477e-9
1.532741506664e-9
1.313824944829e-9
1.124247986076e-9
9.60367657142e-10
8.18952059445e-10
6.97139555042e-10
5.92401294849e-10
5.02506901181e-10
4.25493117067e-10
3.59635236592e-10
3.03421133629e-10
2.55527710517e-10
2.147995934308e-10
1.80229907089e-10
1.509429680843e-10
1.261787431993e-10
1.052789265568e-10
8.76744972018e-11
7.28746266129e-11
6.04568136061e-11
5.00581320375e-11
4.13674845556e-11
3.4118763345e-11
2.80848262722e-11
2.30722040663e-11
1.891646108428e-11
1.547813881726e-11
1.263921754988e-11
1.030003749153e-11
8.37662623742e-12
6.79838459211e-12
5.5060875979e-12
4.45016206123e-12
3.58920597175e-12
2.88871897184e-12
2.32001647314e-12
1.859303147107e-12
1.486884354528e-12
1.186496642504e-12
9.44740744401e-13
7.50602586645e-13
5.95049654177e-13
4.70691711447e-13
3.71496335235e-13
2.92551005734e-13
2.29864639113e-13
1.80202442859e-13
1.409488487362e-13
1.099940401159e-13
8.56402528084e-14
6.65246025348e-14
5.15556879413e-14
3.9861644898e-14
3.07476941288e-14
2.36615375739e-14
1.816522609863e-14
1.391234829579e-14
1.062958259827e-14
8.10181749062e-15
6.16018150508e-15
4.67243959769e-15
3.53530865759e-15
2.66832511492e-15
2.008964316715e-15
1.50876663871e-15
1.130271000763e-15
8.44594105227e-16
6.29524640832e-16
4.68027014201e-16
3.47069837602e-16
2.56711218133e-16
1.893865348384e-16
1.393554215763e-16
1.022735665289e-16
7.48620861788e-17
5.46529574886e-17
3.97935651051e-17
2.88970614482e-17
2.09281274402e-17
1.511600820137e-17
1.088850156908e-17
7.82199539787e-18
5.6037611243e-18
4.00357958864e-18
2.8524515839e-18
2.02667085324e-18
1.435943798218e-18
1.014553825715e-18
7.14809501508e-19
5.02200627139e-19
3.51827697224e-19
2.45777864549e-19
1.712022986165e-19
1.189117067494e-19
8.23534763382e-20
5.68690093679e-20
3.91561412444e-20
2.68812026197e-20
1.839992992263e-20
1.255730335641e-20
8.54443627753e-21
5.79657314865e-21
3.92061466697e-21
2.64378409689e-21
1.777382269441e-21
1.191277044778e-21
7.96005025082e-22
5.30254032821e-22
3.52136714734e-22
2.33126589287e-22
1.538577921757e-22
1.012251366914e-22
6.63884358277e-23
4.34035930607e-23
2.82866879454e-23
1.837619824767e-23
1.189981921363e-23
7.68121918266e-24
4.94218519444e-24
3.16957399574e-24
2.02614140035e-24
1.290980046105e-24
8.19868450379e-25
5.1896446523e-25
3.27411403977e-25
2.05876435966e-25
1.290238685078e-25
8.05894088084e-26
5.01677105744e-26
3.11245369923e-26
1.92445481973e-26
1.185857855142e-26
7.28234972607e-27
4.45675018932e-27
2.71810851291e-27
1.652003257984e-27
1.000563101172e-27
6.03894953948e-28
3.63208084939e-28
2.17681063959e-28
1.300021925544e-28
7.7364090095e-29
4.58754903758e-29
2.71061849518e-29
1.595865468486e-29
9.36177453016e-30
5.47202292939e-30
3.18683279472e-30
1.84920937344e-30
1.06910935561e-30
6.15830508362e-31
3.53424849911e-31
2.02080104056e-31
1.151156577411e-31
6.53316128442e-32
3.69389259293e-32
2.08070643306e-32
1.167607226656e-32
6.52733505705e-33
3.63514676938e-33
2.0167341199e-33
1.114576104003e-33
6.13619178808e-34
3.36519288826e-34
1.83838538621e-34
1.0003971119e-34
5.42264635743e-35
2.92783651583e-35
1.574609075306e-35
8.4349547763e-36
4.50060125886e-36
2.39182703934e-36
1.266059568302e-36
6.67478555878e-37
3.50487855876e-37
1.83296754587e-37
9.54720791039e-38
4.95257936951e-38
2.55866611332e-38
1.316486910384e-38
6.7458063299e-39
3.44238327345e-39
1.74938838658e-39
8.85336854999e-40
4.46189922651e-40
2.23930627603e-40
1.119137311197e-40
5.56958706938e-41
2.76010731109e-41
1.362027517932e-41
6.69262257635e-42
3.27454461424e-42
1.59530306192e-42
7.73867794728e-43
3.73779268694e-43
1.79755454609e-43
8.60718111135e-44
4.10341423865e-44
1.94773062159e-44
9.20460349805e-45
4.33079360589e-45
2.02866173863e-45
9.46073932851e-46
4.39245513186e-46
2.03025195943e-46
9.34214089361e-47
4.27947285665e-47
1.95152914822e-47
8.85919418221e-48
4.00351368219e-48
1.80098390283e-48
8.06479363744e-49
3.59488574998e-49
1.59506658943e-49
7.0447878487e-50
3.09703328312e-50
1.355208611811e-50
5.90258470952e-51
2.55886612143e-51
1.104118332418e-51
4.74176310856e-52
2.0268131519e-52
8.62244928385e-53
3.65076686835e-53
1.53839375336e-53
6.45170206964e-54
2.69276168307e-54
1.118489153959e-54
4.62348336583e-55
1.90197105059e-55
7.78626172236e-56
3.17203516465e-56
1.28595061978e-56
5.1877769292e-57
2.08258335011e-57
8.31918875228e-58
3.3068191025e-58
1.307928950955e-58
5.14748987743e-59
2.01575551121e-59
7.8542475611e-60
3.04501233315e-60
1.174585477137e-60
4.50800775673e-61
1.72140274653e-61
6.53990568793e-62
2.47198015454e-62
9.29600426562e-63
3.4779138824e-63
1.294511283451e-63
4.79347746119e-64
1.76582107197e-64
6.47123505441e-65
2.35920371714e-65
8.55607951208e-66
3.0868006651e-66
1.107796696517e-66
3.95478202377e-67
1.40439519846e-67
4.96082273842e-68
1.74304643111e-68
6.09183817822e-69
2.11770369053e-69
7.3223879481e-70
2.51828135934e-70
8.61416145096e-71
2.93070607824e-71
9.91688509319e-72
3.33745415234e-72
1.117083393773e-72
3.71859934237e-73
1.23109034801e-73
4.05331585259e-74
1.32719330909e-74
4.32169749284e-75
1.39947200038e-75
4.50668240349e-76
1.4431976056e-76
4.59583010324e-77
1.455340649e-77
4.58269640883e-78
1.43491590441e-78
4.46759650467e-79
1.38311012331e-79
4.2576317031e-80
1.303170141319e-80
3.96596639774e-81
1.200065628182e-81
3.61045714517e-82
1.079975223175e-82
3.21183299536e-83
9.49670278196e-84
2.79168634433e-84
8.15882160975e-85
2.3705463001e-85
6.8473540199e-86
1.96627202389e-86
5.61311621862e-87
1.59293193619e-87
4.49382634675e-88
1.260243196233e-88
3.5132137067e-89
9.73553957279e-90
2.68172259239e-90
7.34275695145e-91
1.99843046312e-91
5.40625615476e-92
1.45370065871e-92
3.88523454596e-93
1.032087397702e-93
2.72499541888e-94
7.15085926462e-95
1.86503471228e-95
4.83442603068e-96
1.24544715671e-96
3.18875495788e-97
8.11382263548e-98
2.05178314292e-98
5.15622722815e-99
1.28771672522e-99
3.19587198296e-100
7.88192339194e-101
1.93170980978e-101
4.70447800241e-102
1.138502310997e-102
2.73780392058e-103
6.54198802638e-104
1.55327786504e-104
3.66449039892e-105
8.59005742743e-106
2.00073516299e-106
4.63006632121e-107
1.064588805518e-107
2.43201728856e-108
5.51994181486e-109
1.2447393443e-109
2.78863325433e-110
6.20678130283e-111
1.37244998194e-111
3.01491193735e-112
6.57951282162e-113
1.42641802685e-113
3.07203985324e-114
6.57244233903e-115
1.39681728236e-115
2.94888781244e-116
6.18408845829e-117
1.28820470265e-117
2.66550045329e-118
5.47835637147e-119
1.118387694784e-119
2.26776474278e-120
4.56730560185e-121
9.13632476539e-122
1.8152034091e-122
3.58190698996e-123
7.01990875617e-124
1.36637435952e-124
2.64132551892e-125
5.07085331349e-126
9.66807412273e-127
1.83059217243e-127
3.44214242289e-128
6.42753679692e-129
1.19187771734e-129
2.19474016369e-130
4.01320818285e-131
7.28702594165e-132
1.31386840462e-132
2.35228112651e-133
4.18172290711e-134
7.38146933959e-135
1.29373340852e-135
2.25140710236e-136
3.89012353602e-137
6.67368541662e-138
1.13672103311e-138
1.92229809103e-139
3.2274467878e-140
5.37974640224e-141
8.90269942174e-142
1.46262046057e-142
2.38552753999e-143
3.86253926725e-144
6.20854575223e-145
9.90668123382e-146
1.56920843068e-146
2.46740266617e-147
3.85122763127e-148
5.96692962791e-149
9.17673125088e-150
1.40088756213e-150
2.12270435072e-151
3.19256315476e-152
4.76591211332e-153
7.0615801372e-154
1.038484136583e-154
1.51576799347e-155
2.19580244214e-156
3.15699746148e-157
4.50472628362e-158
6.3792342963e-159
8.96535377083e-160
1.25042543857e-160
1.73074232728e-161
2.37730019943e-162
3.24045044254e-163
4.38317924978e-164
5.88339911249e-165
7.83637769384e-166
1.03572179076e-166
1.35832690667e-167
1.76763119757e-168
2.28243228396e-169
2.92425846607e-170
3.71738839782e-171
4.68875096088e-172
5.8676763169e-173
7.28547033989e-174
8.97478821414e-175
1.09687892857e-175
1.330006449e-176
1.59993398496e-177
1.9093974386e-178
2.26062877588e-179
2.65517711559e-180
3.09372532193e-181
3.57591096666e-182
4.10016191319e-183
4.66355769452e-184
5.26172815197e-185
5.88880034433e-186
6.53740344043e-187
7.19873914792e-188
7.86272225189e-189
8.51819216189e-190
9.1531921928e-191
9.75530889998e-192
1.03120594657e-192
1.08113112333e-193
1.12417143417e-194
1.15931263309e-195
1.18570067923e-196
1.20267607808e-197
1.20980118026e-198
1.20687886596e-199
1.19396150528e-200
1.17134963144e-201
1.13958035494e-202
1.09940613991e-203
1.05176511445e-204
9.9774455387e-206
9.38539527341e-207
8.75408909902e-208
8.0963102276e-209
7.42461076373e-210
6.75092366122e-211
6.08622833569e-212
5.44028188386e-213
4.82142323059e-214
4.23645281113e-215
3.6905859444e-216
3.18747415617e-217
2.7292855905e-218
2.31683344063e-219
1.94974008598e-220
1.62662430917e-221
1.34529948475e-222
1.10297182833e-223
8.9642948838e-225
7.22215258056e-226
5.76777795007e-227
4.56598297172e-228
3.58291459148e-229
2.78681131274e-230
2.14852365524e-231
1.64182438488e-232
1.24354002835e-233
9.3353769318e-235
6.94601120952e-236
5.1222779852e-237
3.74375445043e-238
2.71181849944e-239
1.94677353073e-240
1.38504630674e-241
9.7656171668e-243
6.82360890653e-244
4.72498112485e-245
3.24227636747e-246
2.20473535735e-247
1.48563411715e-248
9.919932058e-250
6.56355968438e-251
4.30324978978e-252
2.79558380248e-253
1.79953285058e-254
1.14775926288e-255
7.25334030169e-257
4.54165325522e-258
2.81754601281e-259
1.73181553353e-260
1.05462547671e-261
6.3628742613e-263
3.80328890542e-264
2.25220863629e-265
1.32127641115e-266
7.67904002762e-268
4.42120644536e-269
2.52166675757e-270
1.42475453251e-271
7.97425781507e-273
4.42110452684e-274
2.42802966308e-275
1.32084633559e-276
7.11734650101e-278
3.79877727136e-279
2.00826887665e-280
1.05158549063e-281
5.45386527189e-283
2.80151986795e-284
1.42529537432e-285
7.18175019523e-287
3.58395331786e-288
1.77130521185e-289
8.6699349207e-291
4.20263841653e-292
2.01745721834e-293
9.5908064311e-295
4.51509365752e-296
2.10490066544e-297
9.7172193772e-299
4.44212036796e-300
2.01080010754e-301
9.0130148422e-303
4.00024163259e-304
1.75796270811e-305
7.64949423705e-307
3.29570060086e-308
1.40587619704e-309
5.93776534533e-311
2.48294977734e-312
1.02795502527e-313
4.2134116023e-315
1.70977739278e-316
6.86884123704e-318
2.73185674406e-319
1.07561093248e-320
4.1924475837e-322
1.61766103544e-323
6.17884294418e-325
2.3362474049e-326
8.7440945422e-328
3.23957086225e-329
1.18803445868e-330
4.31252661664e-332
1.54948729062e-333
5.51048728973e-335
1.93967971272e-336
6.75772237681e-338
2.33020023412e-339
7.95245053578e-341
2.68606064603e-342
8.979042234e-344
2.9705429419e-345
9.7258043777e-347
3.15131162274e-348
1.01047493906e-349
3.20641966089e-351
1.00685757411e-352
3.1286776688e-354
9.6203515505e-356
2.92718813096e-357
8.8131696941e-359
2.6255945423e-360
7.73979479321e-362
2.25751014388e-363
6.51509379671e-365
1.86034952984e-366
5.25585714623e-368
1.46912887357e-369
4.06289670676e-371
1.11163808631e-372
3.00908881304e-374
8.0582872501e-376
2.13490634853e-377
5.59545557111e-379
1.45079083543e-380
3.7211662304e-382
9.4417052507e-384
2.369796683e-385
5.88373623688e-387
1.44500363137e-388
3.5103505576e-390
8.4350957457e-392
2.0048398581e-393
4.71315439623e-395
1.09591813686e-396
2.520409967e-398
5.73301455167e-400
1.2897508828e-401
2.86966834318e-403
6.31470126187e-405
1.37423588766e-406
2.95766700198e-408
6.29519109801e-410
1.32505024619e-411
2.75811071177e-413
5.6772640118e-415
1.15559767946e-416
2.32598296149e-418
4.62946510992e-420
9.111117294e-422
1.77305052198e-423
3.41170401443e-425
6.49104252053e-427
1.22107556194e-428
2.27115987246e-430
4.17659202488e-432
7.5937742601e-434
1.36504410778e-435
2.42594612872e-437
4.26238991321e-439
7.4038027413e-441
1.2713883505e-442
2.15831794184e-444
3.62208382331e-446
6.00896299527e-448
9.8544091831e-450
1.59751061091e-451
2.55994760035e-453
4.05494182374e-455
6.34887048725e-457
9.8255903543e-459
1.5030147414e-460
2.2724915608e-462
3.39600108022e-464
5.01593509612e-466
7.3222843197e-468
1.05643772235e-469
1.50638465125e-471
2.12282683211e-473
2.95645989202e-475
4.06911703378e-477
5.53466275245e-479
7.4393837346e-481
9.8816529195e-483
1.29706304409e-484
1.68237747648e-486
2.15629754067e-488
2.73091901584e-490
3.41755768647e-492
4.22592503486e-494
5.16319618006e-496
6.2330177888e-498
7.4345211772e-500
8.761420587e-502
1.02012862509e-503
1.17350840805e-505
1.33370668307e-507
1.497508447e-509
1.66113544163e-511
1.82036968183e-513
1.97071989921e-515
2.10762304626e-517
2.22666904615e-519
2.32383380679e-521
2.39570357702e-523
2.43967332817e-525
2.45410314732e-527
2.43841958013e-529
2.3931532066e-531
2.31990903643e-533
2.22127200966e-535
2.10065536281e-537
1.96210427955e-539
1.81007059908e-541
1.649176085e-543
1.48398174478e-545
1.31877902955e-547
1.15741571859e-549
1.00316532362e-551
8.5864443302e-554
7.257780578e-556
6.05809183613e-558
4.99345712483e-560
4.06435992663e-562
3.26663239617e-564
2.59249269036e-566
2.03158916654e-568
1.57198068477e-570
1.20100104929e-572
9.0597523081e-575
6.7477332692e-577
4.96203726444e-579
3.60258761065e-581
2.58233972944e-583
1.82746209198e-585
1.27676634512e-587
8.8063186874e-590
5.99638019541e-592
4.03076596811e-594
2.67473972683e-596
1.75211600836e-598
1.13298309582e-600
7.2319447881e-603
4.55669253974e-605
2.83399547415e-607
1.73978358607e-609
1.05421648042e-611
6.3051396568e-614
3.72204651652e-616
2.16861718845e-618
1.24706715781e-620
7.077737746e-623
3.96450160131e-625
2.19161397362e-627
1.19567370649e-629
6.4376338541e-632
3.42055562861e-634
1.7935589286e-636
9.2805787779e-639
4.73878167911e-641
2.38771437508e-643
1.18717265648e-645
5.82442469925e-648
2.8196267448e-650
1.34685685108e-652
6.3479614816e-655
2.95203797866e-657
1.35449123722e-659
6.1318121976e-662
2.73874537983e-664
1.20685867742e-666
5.24680470805e-669
2.25039564071e-671
9.5222619192e-674
3.97493840131e-676
1.63689748996e-678
6.6497470438e-681
2.66485197127e-683
1.05345777634e-685
4.10798652689e-688
1.58015784935e-690
5.9954704797e-693
2.24382583978e-695
8.2830416358e-698
3.0159011836e-700
1.08308532838e-702
3.83635046746e-705
1.34021861763e-707
4.61770853725e-710
1.5691433276e-712
5.25866689658e-715
1.73803045149e-717
5.66499448768e-720
1.82093191964e-722
5.77207208828e-725
1.80428573281e-727
5.56168160198e-730
1.69054164707e-732
5.0670626337e-735
1.49757650343e-737
4.36431215713e-740
1.25408892411e-742
3.55318882991e-745
9.9260706622e-748
2.73399201398e-750
7.4245409847e-753
1.98786160396e-755
5.24733182721e-758
1.3655840467e-760
3.50362434583e-763
8.8619133953e-766
2.20973400916e-768
5.43183657304e-771
1.31625262003e-773
3.14419389556e-776
7.403695792e-779
1.71849645034e-781
3.93188848331e-784
8.8674320944e-787
1.97119833521e-789
4.31906949115e-792
9.3275828528e-795
1.98544898419e-797
4.16534211584e-800
8.6126457164e-803
1.75512510171e-805
3.52498106529e-808
6.9770902328e-811
1.36098190865e-813
2.61626929847e-816
4.95628456482e-819
9.2526328849e-822
1.70216379308e-824
3.08571557798e-827
5.5121441975e-830
9.702574414e-833
1.68285512209e-835
2.87601672485e-838
4.84297928638e-841
8.0352969943e-844
1.31356316634e-846
2.1156863453e-849
3.357333475e-852
5.24894637057e-855
8.0849218397e-858
1.22686598821e-860
1.83411943043e-863
2.70121311988e-866
3.91906449297e-869
5.6013131898e-872
7.8862901297e-875
1.09376154909e-877
1.49427701909e-880
2.01089642058e-883
2.6655691547e-886
3.48035404406e-889
4.47591325033e-892
5.6696493926e-895
7.0735689905e-898
8.6920130545e-901
1.05194508104e-903
1.25385760377e-906
1.4718967699e-909
1.70165689221e-912
1.9374195468e-915
2.1723205668e-918
2.39863533428e-921
2.60817142535e-924
2.79274410956e-927
2.9446980847e-930
3.05743004611e-933
3.12586282927e-936
3.14682388523e-939
3.11928886457e-942
3.04446429236e-945
2.92570007302e-948
2.76824064389e-951
2.57884054156e-954
2.36528367603e-957
2.13585399543e-960
1.89880755784e-963
1.66189233245e-966
1.4319532357e-969
1.21464754989e-972
1.01428192244e-975
8.3376857695e-979
6.746868709e-982
5.3742808121e-985
4.21396837257e-988
3.25241883017e-991
2.4709126637e-994
1.84771723294e-997
1.359979177e-1000
9.8523331935e-1004
7.0250181286e-1007
4.93002108051e-1010
3.40513638043e-1013
2.31470734009e-1016
1.5485489725e-1019
1.01955934201e-1022
6.6061770531e-1026
4.21239872181e-1029
2.64327118125e-1032
1.63221879914e-1035
9.9181541437e-1039
5.9304898953e-1042
3.48938538603e-1045
2.02021395196e-1048
1.15087263059e-1051
6.4510443864e-1055
3.55792731736e-1058
1.93072218394e-1061
1.03083598482e-1064
5.4149919798e-1068
2.79856835434e-1071
1.42296842254e-1074
7.1181516246e-1078
3.50302485064e-1081
1.69595605055e-1084
8.0774213644e-1088
3.78450452361e-1091
1.74427451672e-1094
7.9082707645e-1098
3.52695955146e-1101
1.54725910339e-1104
6.6766805062e-1108
2.83389974994e-1111
1.1831125669e-1114
4.8582146835e-1118
1.96212982251e-1121
7.7941816872e-1125
3.04506388064e-1128
1.17002927932e-1131
4.42143079548e-1135
1.6431834484e-1138
6.0056182804e-1142
2.15858514422e-1145
7.6297754898e-1149
2.6520198906e-1152
9.0647444105e-1156
3.04676837814e-1159
1.00697740357e-1162
3.27256089857e-1166
1.04576665313e-1169
3.28588373781e-1173
1.01515242737e-1176
3.08363728709e-1180
9.2095750152e-1184
2.70427879014e-1187
7.807108291e-1191
2.21588444903e-1194
6.1832025517e-1198
1.69621377298e-1201
4.57445892748e-1205
1.21278048566e-1208
3.16081640548e-1212
8.0980829999e-1216
2.03949354914e-1219
5.0490640744e-1223
1.22868097494e-1226
2.93899170127e-1230
6.9100283131e-1234
1.59688925501e-1237
3.62722533608e-1241
8.0978606364e-1245
1.77686053051e-1248
3.83190660907e-1252
8.121687505e-1256
1.69175966549e-1259
3.46324594603e-1263
6.9674124822e-1267
1.37750907769e-1270
2.67635311765e-1274
5.1098669158e-1278
9.5870331363e-1282
1.7674964921e-1285
3.20201831923e-1289
5.6999521213e-1293
9.9699267671e-1297
1.7134731868e-1300
2.8934664923e-1304
4.8007226412e-1308
7.8258766482e-1312
1.25339746953e-1315
1.97226499718e-1319
3.04897288313e-1323
4.630681361e-1327
6.9092430973e-1331
1.01274820635e-1334
1.45830753072e-1338
2.06283537535e-1342
2.86641472166e-1346
3.91258394506e-1350
5.246016845e-1354
6.9092075931e-1358
8.9382094549e-1362
1.13576298933e-1365
1.41752578452e-1369
1.73768663579e-1373
2.09218632621e-1377
2.47405201227e-1381
2.8733466271e-1385
3.27739737678e-1389
3.67132832564e-1393
4.03888551501e-1397
4.3635022636e-1401
4.6295135587e-1405
4.8233985901e-1409
4.9349155251e-1413
4.9579964595e-1417
4.8912938819e-1421
4.7383102296e-1425
4.5070932914e-1429
4.20953430967e-1433
3.86035403729e-1437
3.47589716139e-1441
3.07287237209e-1445
2.66717226378e-1449
2.27288605982e-1453
1.90158363931e-1457
1.56190810383e-1461
1.2594731426e-1465
9.9702680723e-1470
7.7481916487e-1474
5.9109946656e-1478
4.4266845217e-1482
3.25420915667e-1486
2.34829325965e-1490
1.66337537468e-1494
1.15651257141e-1498
7.8926653001e-1503
5.2869029001e-1507
3.47595688013e-1511
2.24302389846e-1515
1.42059724865e-1519
8.8303243538e-1524
5.386938659e-1528
3.22521118076e-1532
1.89503003856e-1536
1.09271502784e-1540
6.1833191994e-1545
3.43361348101e-1549
1.87105771869e-1553
1.00050682298e-1557
5.2497794896e-1562
2.7029701566e-1566
1.36556275511e-1570
6.7692934042e-1575
3.29251159182e-1579
1.57128375329e-1583
7.3572631799e-1588
3.37989614757e-1592
1.52337505335e-1596
6.7362432995e-1601
2.92231584309e-1605
1.24372974551e-1609
5.192845314e-1614
2.126944998e-1618
8.5461330861e-1623
3.3685001439e-1627
1.30241089304e-1631
4.939636633e-1636
1.837674201e-1640
6.7059384584e-1645
2.40026466877e-1649
8.426713272e-1654
2.90166856928e-1658
9.7998377357e-1663
3.24610406328e-1667
1.05455551451e-1671
3.35993510565e-1676
1.04987535506e-1680
3.2172215957e-1685
9.6683321559e-1690
2.84931503506e-1694
8.234527098e-1699
2.33365743331e-1703
6.4852504762e-1708
1.76725235563e-1712
4.7221905096e-1717
1.23723589296e-1721
3.17845844843e-1726
8.0062018218e-1731
1.9773039808e-1735
4.7879345021e-1740
1.13668924914e-1744
2.64572701527e-1749
6.037386405e-1754
1.35065523107e-1758
2.96225579267e-1763
6.3690411571e-1768
1.34242466025e-1772
2.77371015242e-1777
5.6179573355e-1782
1.1154058505e-1786
2.17077810517e-1791
4.1411111714e-1796
7.7433376338e-1801
1.41918906675e-1805
2.54943517001e-1810
4.4887998699e-1815
7.7462224456e-1820
1.31012890963e-1824
2.17166749614e-1829
3.52792022689e-1834
5.6166995242e-1839
8.7633774684e-1844
1.33992539857e-1848
2.00770255202e-1853
2.94794006002e-1858
4.2415962386e-1863
5.9802903518e-1868
8.2620601159e-1873
1.11845478362e-1877
1.48355405201e-1882
1.92811990516e-1887
2.4552814353e-1892
3.06334530449e-1897
3.7446299859e-1902
4.484675244e-1907
5.2620269195e-1912
6.0487544246e-1917
6.8117782534e-1922
7.5149751774e-1927
8.1219055381e-1932
8.5988918265e-1937
8.9180937782e-1942
9.0601921705e-1947
9.0163224255e-1952
8.7889891884e-1957
8.3918307871e-1962
7.8482641969e-1967
7.1891978016e-1972
6.4501228324e-1977
5.6679639602e-1982
4.878075568e-1987
4.1117160939e-1992
3.3942331358e-1997
2.74406863142e-2002
2.17257019052e-2007
1.68449219532e-2012
1.27900228313e-2017
9.5098037293e-2023
6.9240546973e-2028
4.9366110467e-2033
3.44641518772e-2038
2.35595679157e-2043
1.57695340819e-2048
1.03350597022e-2053
6.6319382382e-2059
4.1666985196e-2064
2.56305879713e-2069
1.54358555707e-2074
9.101212367e-2080
5.2535751684e-2085
2.96885212245e-2090
1.64244503677e-2095
8.8951348288e-2101
4.7158977659e-2106
2.44746858647e-2111
1.24337321923e-2116
6.1831284187e-2122
3.00973413153e-2127
1.43400888114e-2132
6.6875973724e-2138
3.05262665431e-2143
1.36380816184e-2148
5.9634779671e-2154
2.55213363837e-2159
1.06894504637e-2164
4.3817362627e-2170
1.75778877267e-2175
6.9009271695e-2181
2.65130207702e-2186
9.968107033e-2192
3.6674025722e-2197
1.32034549178e-2202
4.6514717946e-2208
1.60345837963e-2213
5.4085416076e-2219
1.78504236768e-2224
5.7643910524e-2230
1.82131714838e-2235
5.6303530818e-2241
1.7029201032e-2246
5.0390906984e-2252
1.45881429132e-2257
4.1316967811e-2263
1.14479609092e-2268
3.10305704376e-2274
8.2281834504e-2280
2.13432924027e-2285
5.4156770512e-2291
1.34421472992e-2296
3.26362114121e-2302
7.7506239775e-2308
1.80040447139e-2313
4.090634006e-2319
9.0905242597e-2325
1.97585757127e-2330
4.200310278e-2336
8.7328655279e-2342
1.77571172359e-2347
3.5311735705e-2353
6.86731873e-2359
1.30607314309e-2364
2.42912892487e-2370
4.4180132833e-2376
7.8575556585e-2382
1.36654053971e-2387
2.32392862294e-2393
3.8643714443e-2399
6.2832068594e-2405
9.9889735733e-2411
1.55270151817e-2416
2.3597896436e-2422
3.5064479237e-2428
5.0940226556e-2434
7.2350962259e-2440
1.00463497419e-2445
1.36377710636e-2451
1.80984005417e-2457
2.34795227995e-2463
2.97770162571e-2469
3.6915308288e-2475
4.4735860586e-2481
5.2993137212e-2487
6.1360453785e-2493
6.9446945663e-2499
7.6825243705e-2505
8.3067569772e-2511
8.7786225036e-2517
9.0673232863e-2523
9.1533533473e-2529
9.0306767555e-2535
8.7074271091e-2541
8.2050156571e-2547
7.5557839275e-2553
6.7995586677e-2559
5.9796192019e-2565
5.1386431856e-2571
4.3151515331e-2577
3.5408441661e-2583
2.83903839962e-2589
2.2242311776e-2595
1.7026418242e-2601
1.27347931468e-2607
9.3062823152e-2614
6.6445685282e-2620
4.6350463417e-2626
3.1588471243e-2632
2.10320140339e-2638
1.36804800401e-2644
8.6932169806e-2651
5.3964592056e-2657
3.2724796697e-2663
1.93854183395e-2669
1.12174473112e-2675
6.3405074252e-2682
3.5007055444e-2688
1.88790097035e-2694
9.9445552569e-2701
5.1164002831e-2707
2.57102985208e-2713
1.26183811007e-2719
6.0484561034e-2726
2.83152404086e-2732
1.29455722256e-2738
5.7801349507e-2745
2.52035013024e-2751
1.07319933311e-2757
4.4625897959e-2764
1.81205358994e-2770
7.1849382075e-2777
2.78184802607e-2783
1.05170165302e-2789
3.8823164523e-2796
1.39932615713e-2802
4.9245555186e-2809
1.6920983739e-2815
5.6765579897e-2822
1.85924175146e-2828
5.9452260563e-2835
1.85597881208e-2841
5.6564010337e-2848
1.68290775545e-2854
4.8879164093e-2861
1.38586512205e-2867
3.8356793152e-2874
1.03628243756e-2880
2.73286951543e-2887
7.0348517724e-2894
1.7675702601e-2900
4.3348540604e-2907
1.03762090737e-2913
2.42415151046e-2920
5.5274903254e-2927
1.23008118855e-2933
2.67157569723e-2940
5.6626468348e-2947
1.17133228999e-2953
2.36450240217e-2960
4.6578850247e-2967
8.9540080905e-2974
1.67964021612e-2980
3.0745067995e-2987
5.491429433e-2994
9.5705402535e-3001
1.62749228451e-3007
2.70036951147e-3014
4.3715913764e-3021
6.9049154202e-3028
1.0640693454e-3034
1.59979594615e-3041
2.34656541821e-3048
3.3578746058e-3055
4.6875977056e-3062
6.3838188848e-3069
8.4809686539e-3076
1.09909528407e-3082
1.38944231907e-3089
1.71337053844e-3096
2.06090495137e-3103
2.41796952677e-3110
2.76707016365e-3117
3.0885618285e-3124
3.3624009297e-3131
3.5701794859e-3138
3.6971599765e-3145
3.7340003667e-3152
3.6778894273e-3159
3.5329008953e-3166
3.3095045932e-3173
3.0233159717e-3180
2.69329157491e-3187
2.33966002567e-3194
1.98190095625e-3201
1.63704722509e-3208
1.31850200124e-3215
1.03545434847e-3222
7.9286993007e-3230
5.9194862225e-3237
4.3089097833e-3244
3.05803429e-3251
2.11591931105e-3258
1.42734149499e-3265
9.3868300002e-3273
6.0181431837e-3280
3.7613938524e-3287
2.29175432864e-3294
1.36116410662e-3301
7.8807275645e-3309
4.4476003401e-3316
2.44669043338e-3323
1.31194712698e-3330
6.8569011706e-3338
3.4930427508e-3345
1.7343413095e-3352
8.3928621997e-3360
3.958409046e-3367
1.81951858666e-3374
8.1509412305e-3382
3.5584810354e-3389
1.5139703282e-3396
6.2770569511e-3404
2.53612673272e-3411
9.9850947376e-3419
3.8308042213e-3426
1.43210356645e-3433
5.2166988408e-3441
1.85158707986e-3448
6.403386522e-3456
2.15765822842e-3463
7.0835849772e-3471
2.26574607086e-3478
7.0606907088e-3486
2.14363635658e-3493
6.3403489571e-3501
1.82693658129e-3508
5.1282854097e-3516
1.40232748295e-3523
3.7354711022e-3531
9.6928195206e-3539
2.44993076034e-3546
6.0317948248e-3554
1.44650020394e-3561
3.3787787026e-3569
7.6870627231e-3577
1.70337647272e-3584
3.6762117542e-3592
7.7271645182e-3600
1.5818294964e-3607
3.153618504e-3615
6.1229218523e-3623
1.15770644638e-3630
2.13166255027e-3638
3.8221596241e-3646
6.6735917559e-3654
1.13464757332e-3661
1.8784643705e-3669
3.028137818e-3677
4.7530139801e-3685
7.2639592799e-3693
1.08088287747e-3700
1.56593910504e-3708
2.20877849215e-3716
3.03319678e-3724
4.0551805474e-3732
5.2780202063e-3740
6.687644857e-3748
8.2491026477e-3756
9.9051627275e-3764
1.15778513533e-3771
1.31733373979e-3779
1.4589996668e-3787
1.57288199002e-3795
1.65047401364e-3803
1.68571005844e-3811
1.6757480812e-3819
1.62134812893e-3827
1.52677673394e-3835
1.39925390231e-3843
1.2480422067e-3851
1.08333752253e-3859
9.1514534985e-3868
7.5231228941e-3876
6.0183581471e-3884
4.6851089779e-3892
3.5490585341e-3900
2.6160643378e-3908
1.87635697774e-3916
1.30949634849e-3924
8.8921111835e-3933
5.8749913274e-3941
3.7766028012e-3949
2.36198484761e-3957
1.43722444583e-3965
8.5081228017e-3974
4.8999826301e-3982
2.745345046e-3990
1.49634212193e-3998
7.9338940907e-4007
4.0921673623e-4015
2.05315540722e-4023
1.00203215897e-4031
4.7568871419e-4040
2.1965208721e-4048
9.8652720095e-4057
4.3095703941e-4065
1.83104921436e-4073
7.5665362109e-4082
3.0409914869e-4090
1.18862323581e-4098
4.5182897294e-4107
1.67030087644e-4115
6.0047652762e-4124
2.09926842742e-4132
7.1367492722e-4141
2.35930095613e-4149
7.5841444507e-4158
2.37060995047e-4166
7.2049963885e-4175
2.12920506132e-4183
6.117883005e-4192
1.70912841588e-4200
4.6422439947e-4209
1.22588818904e-4217
3.1472647197e-4226
7.8553417396e-4235
1.90605825645e-4243
4.4961046421e-4252
1.03099290727e-4260
2.29817894863e-4269
4.9797870545e-4278
1.04888127238e-4286
2.14743675357e-4295
4.2734908882e-4304
8.2661520259e-4313
1.55407528014e-4321
2.8397402969e-4330
5.0432784899e-4339
8.7049218175e-4348
1.46023999028e-4356
2.3805695665e-4365
3.7715913193e-4374
5.8069130122e-4383
8.688259509e-4392
1.26321375249e-4400
1.78470863671e-4409
2.4501577372e-4418
3.2684874298e-4427
4.236580498e-4436
5.3356801284e-4445
6.5291943507e-4454
7.7627338783e-4463
8.9669529843e-4472
1.00632897806e-4480
1.09720998588e-4489
1.16220838227e-4498
1.1959486245e-4507
1.19554271805e-4516
1.16099810616e-4525
1.09522044436e-4534
1.00360997263e-4543
8.9332926902e-4553
7.7238014125e-4562
6.4865436209e-4571
5.2911254697e-4580
4.192036086e-4589
3.2257741606e-4598
2.4108192732e-4607
1.74987430137e-4616
1.23353166843e-4625
8.4447102453e-4635
5.6143559552e-4644
3.6248130902e-4653
2.2726445256e-4662
1.38365354102e-4671
8.1801805989e-4681
4.6959972999e-4690
2.6176520856e-4699
1.41678799777e-4708
7.4455433045e-4718
3.7990605352e-4727
1.88206249946e-4736
9.0523135049e-4746
4.227100321e-4755
1.9163403798e-4764
8.4341160836e-4774
3.6035704926e-4783
1.49466095191e-4792
6.0180842722e-4802
2.3521739649e-4811
8.9241301322e-4821
3.2865278306e-4830
1.17482553196e-4839
4.0762776335e-4849
1.37277109307e-4858
4.4871041917e-4868
1.42350011852e-4877
4.3829028976e-4887
1.30969098458e-4896
3.7981151823e-4906
1.06893028512e-4915
2.9194580571e-4925
7.7377795735e-4935
1.99012963268e-4944
4.9669171824e-4954
1.20288095442e-4963
2.8266900529e-4973
6.4453005856e-4983
1.42595963904e-4992
3.0609764415e-5002
6.3751595696e-5012
1.28822009485e-5021
2.5254956923e-5031
4.8034177657e-5041
8.8632063873e-5051
1.5865645459e-5060
2.7551205819e-5070
4.6411869248e-5080
7.5842508401e-5090
1.2022120847e-5099
1.84851871867e-5109
2.7569606392e-5119
3.9883274907e-5129
5.5962121737e-5139
7.6160576476e-5149
1.00528346285e-5158
1.2869411564e-5168
1.5978287996e-5178
1.92394550808e-5188
2.2466520636e-5198
2.5441865798e-5208
2.7939699935e-5218
2.9753887107e-5228
3.0725886753e-5238
3.0767586242e-5248
2.9874473207e-5258
2.8126419629e-5268
2.5675892573e-5278
2.2726004174e-5288
1.95027824877e-5298
1.62269000316e-5308
1.30896958307e-5318
1.02368909938e-5328
7.7614104003e-5339
5.7047520844e-5349
4.0648635378e-5359
2.8077454897e-5369
1.88001615856e-5379
1.22024489934e-5389
7.6772112546e-5400
4.6818828847e-5410
2.767500156e-5420
1.58560242818e-5430
8.8050124281e-5441
4.7389720463e-5451
2.4719876658e-5461
1.24970038586e-5471
6.1228332226e-5482
2.9072029068e-5492
1.33771657904e-5502
5.9649689294e-5513
2.5774902405e-5523
1.07924512036e-5533
4.3789181577e-5544
1.72157790254e-5554
6.5582669571e-5565
2.4207141108e-5575
8.6572378367e-5586
2.9997569293e-5596
1.00705474598e-5606
3.2754413035e-5617
1.032109345e-5627
3.150722595e-5638
9.3177833638e-5649
2.669454039e-5659
7.408479672e-5670
1.9916909608e-5680
5.1866916158e-5691
1.30834993426e-5701
3.1967731447e-5712
7.5656025668e-5723
1.73423689665e-5733
3.8503117909e-5744
8.2793327656e-5755
1.72423365506e-5765
3.4776639505e-5776
6.7929621941e-5787
1.28499145246e-5797
2.3539655498e-5808
4.175881355e-5819
7.1735436025e-5830
1.19329063399e-5840
1.9220955409e-5851
2.9978459252e-5862
4.5272928554e-5873
6.6199110278e-5884
9.3721523242e-5895
1.2846637832e-5905
1.70487251899e-5916
2.1904631663e-5927
2.724651353e-5938
3.28099962e-5949
3.8248199748e-5960
4.3163306617e-5971
4.7152705438e-5982
4.9862727531e-5993
5.1040186888e-6004
5.0571354984e-6015
4.8500066e-6026
4.5020961629e-6037
4.0449316897e-6048
3.517392951e-6059
2.960282384e-6070
2.4112221574e-6081
1.900738708e-6092
1.45003335362e-6103
1.07051612261e-6114
7.6481666911e-6126
5.2876128568e-6137
3.5374424657e-6148
2.290001696e-6159
1.43445905662e-6170
8.6943213918e-6182
5.0987961246e-6193
2.8931654286e-6204
1.58833382863e-6215
8.4365024232e-6227
4.3353528033e-6238
2.1553462097e-6249
1.03664352968e-6260
4.8233732107e-6272
2.1710535281e-6283
9.4531738514e-6295
3.9816347232e-6306
1.62222483286e-6317
6.393162378e-6329
2.4370513543e-6340
8.985599863e-6352
3.2044397241e-6363
1.10527147357e-6374
3.6871161603e-6386
1.18958330635e-6397
3.7117802674e-6409
1.12005199384e-6420
3.2685249356e-6432
9.2238510056e-6444
2.5171481241e-6455
6.6424828151e-6467
1.69498723363e-6478
4.1822105895e-6490
9.9778732285e-6502
2.3017164739e-6513
5.1337718886e-6525
1.10708595188e-6536
2.3082097606e-6548
4.6527261712e-6560
9.0670732362e-6572
1.70821795372e-6583
3.1111796109e-6595
5.4777428503e-6607
9.3231368615e-6619
1.53389433879e-6630
2.4394442399e-6642
3.7500538906e-6654
5.5721702451e-6666
8.0027746579e-6678
1.11090066778e-6689
1.49044988134e-6701
1.9326629112e-6713
2.4220355209e-6725
2.9334563722e-6737
3.433543506e-6749
3.8838131994e-6761
4.2453747051e-6773
4.484403602e-6785
4.5773421677e-6797
4.5147232257e-6809
4.302758728e-6821
3.9623241963e-6833
3.5255688722e-6845
3.0309140095e-6857
2.5175161776e-6869
2.0202922192e-6881
1.56634851011e-6893
1.17323201917e-6905
8.4896488837e-6918
5.9346467338e-6930
4.0076366594e-6942
2.6143223409e-6954
1.6473893314e-6966
1.00274078029e-6978
5.8955646709e-6991
3.348076895e-7003
1.8364863569e-7015
9.729515888e-7028
4.9784594255e-7040
2.4602990331e-7052
1.17424567145e-7064
5.4124905172e-7077
2.4093028479e-7089
1.03569208433e-7101
4.2993607363e-7114
1.7234553057e-7126
6.6712622861e-7139
2.4935426059e-7151
8.9994359509e-7164
3.1361182928e-7176
1.05520576019e-7188
3.4279806631e-7201
1.07518942038e-7213
3.255861499e-7226
9.5185345553e-7239
2.6864972012e-7251
7.3198760451e-7264
1.9253557646e-7276
4.8887414861e-7289
1.19825945184e-7301
2.8350534118e-7314
6.4746619416e-7327
1.42727380712e-7339
3.0368316054e-7352
6.2365758552e-7365
1.23615421413e-7377
2.3647699791e-7390
4.3660008131e-7403
7.7794022951e-7416
1.33771933611e-7428
2.2198773295e-7441
3.5548966759e-7454
5.4934839141e-7467
8.1918205413e-7480
1.17872779548e-7492
1.63657519028e-7505
2.1924846504e-7518
2.8340279695e-7531
3.5344959039e-7544
4.2530003379e-7557
4.9373820643e-7570
5.5299376089e-7583
5.975230967e-7596
6.2285781646e-7609
6.2634220795e-7622
6.0759159169e-7635
5.6856211924e-7648
5.1321453347e-7661
4.4685188656e-7674
3.7528450205e-7687
3.0400365495e-7700
2.3752365801e-7713
1.7899198381e-7726
1.30091126194e-7739
9.1188041367e-7753
6.164430469e-7766
4.0188483236e-7779
2.5266936274e-7792
1.53191471348e-7805
8.9564589463e-7819
5.0494788051e-7832
2.7450732473e-7845
1.43895493802e-7858
7.2730240245e-7872
3.5444276548e-7885
1.6654406721e-7898
7.5448890481e-7912
3.2953828004e-7925
1.38764022871e-7938
5.6331921184e-7952
2.2045887211e-7965
8.3173427579e-7979
3.0249226576e-7992
1.06048678744e-8005
3.5838201703e-8019
1.16741632304e-8032
3.6654943781e-8046
1.10931588908e-8059
3.2358055784e-8073
9.097095231e-8087
2.4649313014e-8100
6.4369075597e-8114
1.6199764843e-8127
3.92905168e-8141
9.1833887161e-8155
2.0684402837e-8168
4.4894836404e-8182
9.3897012442e-8196
1.8923336581e-8209
3.6747076321e-8223
6.8756788052e-8237
1.23955171676e-8250
2.1530720731e-8264
3.6031794392e-8278
5.8094520914e-8292
9.023914464e-8306
1.35037323865e-8319
1.9467055767e-8333
2.7034781073e-8347
3.6166801765e-8361
4.66069352e-8375
5.7853907529e-8389
6.9174348483e-8403
7.9666584425e-8417
8.8371975825e-8431
9.4416670337e-8445
9.7155421782e-8459
9.6284890178e-8473
9.1898931342e-8487
8.4471943967e-8501
7.4774359076e-8515
6.3741101519e-8529
5.2324073989e-8543
4.1360627738e-8557
3.1482175269e-8571
2.3073997206e-8585
1.6283579477e-8599
1.10645639095e-8613
7.2387660806e-8628
4.5596240215e-8642
2.765134106e-8656
1.6144123158e-8670
9.0742813037e-8685
4.9101859472e-8699
2.557761053e-8713
1.28258670039e-8727
6.1910829249e-8742
2.8766566386e-8756
1.28658752255e-8770
5.5387138143e-8785
2.2950131226e-8799
9.1528521478e-8814
3.5132666365e-8828
1.29788892192e-8842
4.6144935454e-8857
1.5789159491e-8871
5.1991311779e-8886
1.6475085262e-8900
5.023865815e-8915
1.47417887311e-8929
4.1624827608e-8944
1.13092327489e-8958
2.9565183342e-8973
7.4367478469e-8988
1.799819205e-9002
4.1908908195e-9017
9.3886627884e-9032
2.0235286014e-9046
4.1957677848e-9061
8.3694766855e-9076
1.6060467896e-9090
2.9646905882e-9105
5.2644148184e-9120
8.9920482521e-9135
1.4773833379e-9149
2.3347589344e-9164
3.5488971236e-9179
5.1884246834e-9194
7.2955256422e-9209
9.866084733e-9224
1.28318267059e-9238
1.605002554e-9253
1.9306109558e-9268
2.2332317578e-9283
2.4841682222e-9298
2.6572019892e-9313
2.7330820654e-9328
2.7030462875e-9343
2.5704855377e-9358
2.3503139443e-9373
2.0662067365e-9388
1.7464131772e-9403
1.41916763328e-9418
1.10872030905e-9433
8.3272201077e-9449
6.0125118497e-9464
4.1732828777e-9479
2.7845421113e-9494
1.7859609173e-9509
1.10108388072e-9524
6.5251011071e-9540
3.7167261229e-9555
2.034831396e-9570
1.07072743306e-9585
5.4150207988e-9601
2.6319648824e-9616
1.2294386735e-9631
5.5191032576e-9647
2.3809653875e-9662
9.8707146281e-9678
3.9322678611e-9693
1.5053053329e-9708
5.5370842922e-9724
1.9570445445e-9739
6.6461682977e-9755
2.1686077545e-9770
6.7985722985e-9786
2.0477147754e-9801
5.9254893026e-9817
1.6472896069e-9832
4.3994121732e-9848
1.12872010682e-9863
2.7818438068e-9879
6.5860047842e-9895
1.497759572e-9910
3.2717556676e-9926
6.8647740896e-9942
1.38345865724e-9957
2.6778644272e-9973
4.9783034034e-9989
8.8885805662e-10005
1.5241567647e-10020
2.5099260417e-10036
3.9693021146e-10052
6.0280550019e-10068
8.790993234e-10084
1.2310742177e-10099
1.6554037401e-10115
2.1373954589e-10131
2.6498111805e-10147
3.154146813e-10163
3.6047374436e-10179
3.9552865235e-10195
4.1666080941e-10211
4.2138158779e-10227
4.0911410725e-10243
3.813090788e-10259
3.4116259728e-10275
2.9301174742e-10291
2.415659833e-10307
1.9116193273e-10323
1.4520102877e-10339
1.05859141954e-10355
7.4073895278e-10372
4.9747111565e-10388
3.2064476693e-10404
1.9834523151e-10420
1.17746608011e-10436
6.7079804069e-10453
3.6672422819e-10469
1.9238869517e-10485
9.6849928952e-10502
4.6782836585e-10518
2.1683478342e-10534
9.6430443941e-10551
4.1146211175e-10567
1.6844714307e-10583
6.6161173634e-10600
2.4930795349e-10616
9.0125994783e-10633
3.1255944576e-10649
1.0398517111e-10665
3.3185931958e-10682
1.01593995847e-10698
2.9833284193e-10715
8.4031218895e-10732
2.2702537582e-10748
5.8828780427e-10765
1.4620914594e-10781
3.4851063228e-10798
7.967129122e-10815
1.7467049011e-10831
3.6724559932e-10848
7.4045820745e-10865
1.4316567145e-10881
2.6543557229e-10898
4.7189864154e-10915
8.0444282204e-10932
1.3148795021e-10948
2.060670297e-10965
3.096351824e-10982
4.4606563988e-10999
6.1608602187e-11016
8.1576577681e-11033
1.03552018542e-11049
1.26010875046e-11066
1.4699455859e-11083
1.6437117323e-11100
1.7618486633e-11117
1.8101621207e-11134
1.7826235341e-11151
1.6826060588e-11168
1.5222054044e-11185
1.3198342953e-11202
1.09675147782e-11219
8.7342785688e-11237
6.6659669272e-11254
4.8753284441e-11271
3.4169333423e-11288
2.2948184018e-11305
1.4768167408e-11322
9.1066495262e-11340
5.3806114335e-11357
3.0460208888e-11374
1.6521504904e-11391
8.585568134e-11409
4.2744319177e-11426
2.0387543924e-11443
9.3157056434e-11461
4.0777269239e-11478
1.7098548168e-11495
6.8679357267e-11513
2.6424468432e-11530
9.7383751635e-11548
3.4375901071e-11565
1.16224091816e-11582
3.7635685965e-11600
1.16721867861e-11617
3.4668930384e-11635
9.8616951146e-11653
2.6864124937e-11670
7.0079484191e-11688
1.7506254136e-11705
4.187615009e-11723
9.5917642454e-11741
2.1036597859e-11758
4.4175838014e-11776
8.8820534532e-11794
1.7098116133e-11811
3.1512033321e-11829
5.5601288411e-11847
9.3920525986e-11865
1.5187642556e-11882
2.351047244e-11900
3.4838577924e-11918
4.9416784352e-11936
6.709504644e-11954
8.7195736724e-11972
1.0846153706e-11989
1.2912753157e-12007
1.4713344522e-12025
1.6045020618e-12043
1.6745276459e-12061
1.6724547177e-12079
1.5985022135e-12097
1.4620282266e-12115
1.279583749e-12133
1.07161530399e-12151
8.5872302938e-12170
6.584125355e-12188
4.8301498488e-12206
3.3902161907e-12224
2.276591917e-12242
1.4625836398e-12260
8.9891921822e-12279
5.2853256008e-12297
2.9727654071e-12315
1.5994623091e-12333
8.2318703278e-12352
4.0524793873e-12370
1.9082159661e-12388
8.594196385e-12407
3.7020362496e-12425
1.5251771882e-12443
6.0093950917e-12462
2.264428475e-12480
8.1600046496e-12499
2.8119830461e-12517
9.2664206938e-12536
2.9199463338e-12554
8.7980772566e-12573
2.5347621253e-12591
6.9824793687e-12610
1.8390417603e-12628
4.6309431527e-12647
1.11488397788e-12665
2.566012027e-12684
5.6460263352e-12703
1.187595944e-12721
2.387934927e-12740
4.5897667297e-12759
8.4325599322e-12778
1.4808644113e-12796
2.4856759909e-12815
3.9878003883e-12834
6.1146031244e-12853
8.9605648423e-12872
1.2549343804e-12890
1.6796214718e-12909
2.1482895985e-12928
2.6257384481e-12947
3.0667158574e-12966
3.4225140861e-12985
3.6496629346e-13004
3.718623752e-13023
3.6200939094e-13042
3.3670664047e-13061
2.9920158424e-13080
2.5400517106e-13099
2.0600310846e-13118
1.5960393826e-13137
1.1812398767e-13156
8.3510925748e-13176
5.6395599604e-13195
3.6377249973e-13214
2.241213464e-13233
1.3188374292e-13252
7.4120773383e-13272
3.9784618134e-13291
2.0394024636e-13310
9.9836439076e-13330
4.6672332776e-13349
2.0835315745e-13368
8.881711616e-13388
3.6152229629e-13407
1.4050803493e-13426
5.2141159663e-13446
1.8473936473e-13465
6.2491824228e-13485
2.0181697906e-13504
6.2222673611e-13524
1.8313941063e-13543
5.1456805756e-13563
1.3801216633e-13582
3.533386241e-13602
8.6347482338e-13622
2.0140891261e-13641
4.4839806096e-13661
9.5277505711e-13681
1.932164959e-13700
3.7394758339e-13720
6.9067778098e-13740
1.2173738313e-13759
2.0475835872e-13779
3.2863512265e-13799
5.032993969e-13819
7.3546897558e-13839
1.02544699303e-13858
1.3641381704e-13878
1.7313511057e-13898
2.0964229838e-13918
2.4217257822e-13938
2.6687543444e-13958
2.805531081e-13978
2.8133882478e-13998
2.6911479829e-14018
2.4554100062e-14038
2.1368506841e-14058
1.7736715684e-14078
1.4041265252e-14098
1.06012825259e-14118
7.6333432466e-14139
5.241558792e-14159
3.4322622507e-14179
2.14318579e-14199
1.2760965426e-14219
7.2449696661e-14240
3.921966596e-14260
2.0242792136e-14280
9.9614153633e-14301
4.6734830251e-14321
2.0903265146e-14341
8.9130482332e-14362
3.6229459473e-14382
1.4038014948e-14402
5.1849258089e-14423
1.8253961008e-14443
6.1253952417e-14464
1.9591072658e-14484
5.9719211016e-14505
1.7349472538e-14525
4.8035183322e-14546
1.267413002e-14566
3.1867422044e-14587
7.6353734977e-14608
1.7432220248e-14628
3.7922646919e-14649
7.8605426465e-14670
1.5523825796e-14690
2.9209337691e-14711
5.2360732888e-14732
8.9420088129e-14753
1.4547692831e-14773
2.2545872985e-14794
3.32841995e-14815
4.6804918758e-14836
6.2691888907e-14857
7.9980078423e-14878
9.7182262561e-14899
1.1246333656e-14919
1.2394748983e-14940
1.3009222021e-14961
1.3002764737e-14982
1.2375843605e-15003
1.1216375879e-15024
9.6794973333e-15046
7.9535204298e-15067
6.2223745508e-15088
4.6347554262e-15109
3.2866628337e-15130
2.2188341832e-15151
1.4260001495e-15172
8.7241465872e-15194
5.080641986e-15215
2.8163721838e-15236
1.4860069386e-15257
7.4626736786e-15279
3.5669279576e-15300
1.6225717377e-15321
7.0243562985e-15343
2.8939135163e-15364
1.1345515953e-15385
4.2325870315e-15407
1.5024973129e-15428
5.0749392677e-15450
1.6309493362e-15471
4.9868426298e-15493
1.4506728524e-15514
4.0147170795e-15536
1.0569757428e-15557
2.6471749118e-15579
6.3065331845e-15601
1.4291308862e-15622
3.0804161937e-15644
6.3151783257e-15666
1.2313552839e-15687
2.2834175945e-15709
4.0269304896e-15731
6.7535531583e-15753
1.077066304e-15774
1.6333789846e-15796
2.355311371e-15818
3.2293039205e-15840
4.209699281e-15862
5.2174353481e-15884
6.1476504586e-15906
6.8863569713e-15928
7.3329767562e-15950
7.4227286092e-15972
7.1420253346e-15994
6.5318424731e-16016
5.6779093973e-16038
4.690957823e-16060
3.6832969427e-16082
2.7485006031e-16104
1.9490390936e-16126
1.3133864369e-16148
8.4099490397e-16171
5.1168725639e-16193
2.9580650409e-16215
1.6247410023e-16237
8.4784259062e-16260
4.2032216051e-16282
1.9795503772e-16304
8.8562368326e-16327
3.7636687768e-16349
1.5192671115e-16371
5.8250335915e-16394
2.1212175708e-16416
7.3362706153e-16439
2.4096258323e-16461
7.5160341793e-16484
2.2262473279e-16506
6.2615837883e-16529
1.6722516149e-16551
4.2403933601e-16574
1.0208881013e-16596
2.333446892e-16619
5.0634405794e-16642
1.0430417528e-16664
2.0396043719e-16687
3.7858068273e-16710
6.6698977228e-16733
1.1153417585e-16755
1.7701276698e-16778
2.6661756376e-16801
3.8110098618e-16824
5.1693754362e-16847
6.6536846307e-16870
8.1262812915e-16893
9.4168634276e-16916
1.0353439925e-16938
1.0799562081e-16961
1.0686850187e-16984
1.003215706e-17007
8.9334412368e-17031
7.5457402458e-17054
6.0453600185e-17077
4.593654142e-17100
3.3104625649e-17123
2.2625161621e-17146
1.4663767987e-17169
9.0121520559e-17193
5.2519252614e-17216
2.9019746383e-17239
1.5203080131e-17262
7.551099511e-17286
3.555552307e-17309
1.5870833753e-17332
6.7153030358e-17356
2.6932829939e-17379
1.023825743e-17402
3.6887128672e-17426
1.2595208257e-17449
4.075626515e-17473
1.2497370196e-17496
3.6312378885e-17520
9.997215047e-17544
2.6077620528e-17567
6.4446254298e-17591
1.508843715e-17614
3.3464444948e-17638
7.0305868964e-17662
1.3990839645e-17685
2.6370340603e-17709
4.7074187813e-17733
7.9582998441e-17757
1.2740990977e-17780
1.9315524178e-17804
2.7727131912e-17828
3.7685404722e-17852
4.8493739067e-17876
5.9076766765e-17900
6.8130326496e-17924
7.4375672361e-17948
7.6853178334e-17972
7.5163482416e-17996
6.957281098e-18020
6.0944299874e-18044
5.0519683908e-18068
3.9627353641e-18092
2.9410957681e-18116
2.0652634397e-18140
1.3720384894e-18164
8.6229096116e-18189
5.1263709333e-18213
2.8827476408e-18237
1.5332577467e-18261
7.7127096534e-18286
3.6690462169e-18310
1.6505346984e-18334
7.0208885486e-18359
2.8237476441e-18383
1.0737329282e-18407
3.8598747943e-18432
1.3116756108e-18456
4.213329539e-18481
1.2792027895e-18505
3.6706022082e-18530
9.953776995e-18555
2.5507012349e-18579
6.1761885517e-18604
1.4129885927e-18628
3.0540878532e-18653
6.2361488129e-18678
1.2028473262e-18702
2.1914438741e-18727
3.7708773976e-18752
6.1279156577e-18777
9.403883105e-18802
1.3626715256e-18826
1.86435993e-18851
2.4081732055e-18876
2.9364963743e-18901
3.3800183426e-18926
3.6721479189e-18951
3.7652698349e-18976
3.6434246675e-19001
3.326777569e-19026
2.8661581024e-19051
2.329703468e-19076
1.7864323237e-19101
1.2921673786e-19126
8.8157178455e-19152
5.6723531905e-19177
3.4418744714e-19202
1.9693005455e-19227
1.0623624984e-19252
5.4030036976e-19278
2.5903421694e-19303
1.1705645171e-19328
4.9854733266e-19354
2.0009958245e-19379
7.5678073375e-19405
2.6967011873e-19430
9.052919081e-19456
2.8628004044e-19481
8.526937075e-19507
2.3919213462e-19532
6.3183576735e-19558
1.5715056289e-19583
3.6798688449e-19609
8.1115327763e-19635
1.6829704218e-19660
3.2862532244e-19686
6.0384265044e-19712
1.0439776101e-19737
1.6980435111e-19763
2.598013518e-19789
3.7386327685e-19815
5.0594808476e-19841
6.4381760457e-19867
7.702372381e-19893
8.6622552176e-19919
9.156325791e-19945
9.095639276e-19971
8.4899235961e-19997
7.4450667138e-20023
6.1328477849e-20049
4.7447995081e-20075
3.4472095709e-20101
2.351486024e-20127
1.5058143102e-20153
9.050712265e-20180
5.1050851634e-20206
2.7018249001e-20232
1.3414327793e-20258
6.2468353551e-20285
2.728040989e-20311
1.1170173914e-20337
4.2874978701e-20364
1.5424024162e-20390
5.1994114853e-20417
1.6420421043e-20443
4.8573207996e-20470
1.3455451811e-20496
3.4897402438e-20523
8.4719459558e-20550
1.9247218115e-20576
4.0911400162e-20603
8.1340430151e-20630
1.512326867e-20656
2.628756321e-20683
4.2707655994e-20710
6.4832673215e-20737
9.193768363e-20764
1.2175301038e-20790
1.5053023158e-20817
1.7369729108e-20844
1.870040234e-20871
1.8778305399e-20898
1.7581817481e-20925
1.5343435719e-20952
1.2476059137e-20979
9.448596221e-21007
6.6623223334e-21034
4.371997395e-21061
2.669015555e-21088
1.5151428286e-21115
7.9945576485e-21143
3.918981479e-21170
1.7839443155e-21197
7.5370508062e-21225
2.9539774955e-21252
1.0734014351e-21279
3.6142609578e-21307
1.1269923198e-21334
3.2523413885e-21362
8.680835563e-21390
2.141507369e-21417
4.8792989054e-21445
1.0259962135e-21472
1.9894698773e-21500
3.5543943136e-21528
5.8457823498e-21556
8.842142522e-21584
1.228779356e-21611
1.5672117829e-21639
1.8324158961e-21667
1.961707687e-21695
1.9204018925e-21723
1.7166802135e-21751
1.3991723137e-21779
1.0380782774e-21807
6.998411305e-21836
4.2790319531e-21864
2.3678711551e-21892
1.1831482217e-21920
5.3246331186e-21949
2.1522511858e-21977
7.7892286691e-22006
2.515224831e-22034
7.2181886356e-22063
1.8327455783e-22091
4.096049424e-22120
8.0099130879e-22149
1.3609793803e-22177
1.9926006155e-22206
2.4886115445e-22235
2.6185148087e-22264
2.2848756474e-22293
1.6196188958e-22322
9.06691066e-22352
3.848232159e-22381
1.1608546672e-22410
2.2123025985e-22440
1.9976091225e-22470
