xj1 = -44921.5380444505662705784`12.
xj2 = 44911.6307105902829471578`12.
